Q5_0: 14.13472514 21.02203964 25.01085758 30.42487613 32.93506159 37.58617816 40.91871901 43.32707328 48.00515088 49.77383248 52.97032148 56.44624770 59.34704400 
Q5_1: 6.18357820 8.45722917 12.67494642 14.82502557 17.33780211 18.99858804 22.48758458 24.36527978 25.53118680 27.98275694 30.46364069 32.19515969 34.45722879 35.49089318 37.27195057 40.39611485 41.53645676 42.99208544 44.82617597 46.59016102 48.47784664 50.66421039 51.97705347 53.44223217 54.48544239 57.29793175 58.89367296 
Q5_2: 6.64845334 9.83144443 11.95884563 16.03382113 17.56699429 19.54073262 22.22740545 24.58846622 26.77609595 28.46103510 29.70790935 33.00045601 34.72881298 35.86863837 38.12918472 39.56057295 41.84243855 44.03129006 45.42730008 46.49272716 48.34566182 51.08775193 52.12590223 53.83044520 55.58928034 56.83886594 58.38611749 
Q5_3: 4.13290371 9.44293113 11.28289644 14.11546427 16.99590394 19.72905479 21.28304716 22.96557643 26.47278891 27.81247022 29.70278103 31.71403822 33.30774552 36.09652654 37.84761842 39.09161586 40.50893445 43.12543489 45.08582265 46.26641381 48.47765992 49.52011218 51.08998805 53.75667309 55.53255064 56.18438296 57.97645274 59.65154477 
