Q7_0: 14.13472514 21.02203964 25.01085758 30.42487613 32.93506159 37.58617816 40.91871901 43.32707328 48.00515088 49.77383248 
Q7_1: 5.19811620 8.41361099 9.97989590 13.85454287 15.74686941 17.16141654 19.65122423 21.65252507 24.15466454 25.68439459 27.13547138 28.64452754 31.84774664 32.74739063 34.35044122 36.44798399 37.37953168 39.57467224 41.63369017 43.33044411 44.25925719 45.46395164 47.75829107 49.54355560 
Q7_2: 4.35640162 8.78555471 10.73611999 12.53254782 15.93744820 17.61605320 20.03055899 21.31464724 23.20367246 26.16994491 27.87337549 28.59979377 30.91956093 32.61008859 34.79250340 36.34475585 38.20675543 39.33848315 40.47647163 43.53948116 44.59577153 46.09609865 47.49155924 49.12647515 
Q7_3: 4.47573828 6.84549171 11.16018454 12.48960334 15.11288226 16.80287648 19.61187806 21.89991370 23.16297180 24.49884756 27.36147752 29.17887967 30.72189964 32.47588759 34.11124078 35.31184746 38.36463734 39.48257875 40.71032865 42.30485759 43.93185429 46.19432743 47.29858534 49.23589426 
Q7_4: 6.20123004 7.92743090 11.01044486 13.82986790 16.01372713 18.04485754 19.11388572 22.75640596 23.95593844 25.72310441 27.45559609 29.33850518 31.28426452 33.67229947 34.77419497 35.97314971 37.78692081 40.22456636 41.90913793 42.71263117 44.97719959 46.08677439 47.34880085 
Q7_5: 2.50937455 7.48493174 9.89354379 12.25742489 14.13507776 17.71409256 18.88909760 20.60481911 22.66635643 25.28550753 26.66048204 28.99723231 30.13244058 31.44589058 34.31134815 36.07004108 37.18948619 38.58895063 40.69041711 41.99640908 44.16095205 45.95562251 46.96122667 48.57324539 49.51857627 
